4.7558  0.0313538  0.255773  0.382567  -2.56075  
0.0313538  1.57932  -0.0274353  -0.235006  -0.10581  
0.255773  -0.0274353  2.95631  0.774886  -0.90552  
0.382567  -0.235006  0.774886  2.64798  -0.277763  
-2.56075  -0.10581  -0.90552  -0.277763  3.35923  

0  0  2.22045e-16  -4.16334e-17  2.22045e-16  
0  0  -3.46945e-18  8.67362e-19  1.38778e-17  
0  -3.46945e-18  2.22045e-16  -6.245e-17  0  
-1.38778e-17  -2.94903e-17  1.45717e-16  0  2.77556e-17  
-2.22045e-16  -1.38778e-17  -2.22045e-16  2.77556e-17  -3.33067e-16  

8.18789e-16

1.07479

0.0107037

-18.1977 3.83939 2.98253 -4.72478 11.6987 

0 0 -4.44089e-16 -2.22045e-16 -1.55431e-15 

1.55431e-15
